61262
33611
91433
15743
42276
90568
70646
30566
74660
77255
89031
55959
41119
16976
87653
47725
25867
14353
36437
91942
74944
51911
32210
10110
38922
55674
38728
74540
12125
55259
40523
80889
40899
46611
42295
55762
95176
90610
68092
42228
97664
39637
19614
44871
53932
28332
56949
23149
65040
65697
81131
33413
94802
96356
76929
53158
32060
75263
93589
27579
38965
19608
57698
71531
70646
90669
88789
46708
66982
76007
72747
71853
13736
60991
25918
14810
11203
53118
99419
10707
61134
68434
10269
76084
10647
67558
17020
82312
83800
34614
59949
41825
90207
11966
22005
68587
46202
20803
57435
59054
66305
47661
77948
10035
58549
52101
15379
71754
62196
43087
77942
55552
79415
50765
58370
44771
97487
18769
22223
87411
93805
47735
72088
20918
81619
48049
14536
66150
50094
29404
60943
27914
21286
92685
97879
43521
35754
75183
46998
29511
26049
29690
60769
29768
90864
14938
44986
63125
97094
27990
50134
69385
93481
92060
19994
88701
53378
47822
80302
22217
82582
15706
37645
42963
31412
57026
85726
36997
59665
25297
11005
13395
82361
89416
54583
75475
36365
50977
14873
14402
37346
59397
83096
21394
33010
71875
74049
40604
56654
60036
15906
37023
15731
56500
50040
30608
36665
69413
55800
82451
39428
36330
31707
57747
58561
57936
86391
32730
44435
31759
60781
35008
66221
89136
46236
87761
19576
55945
22007
58455
86278
96353
23788
99917
23716
52573
39753
83593
30545
69042
20622
21036
96200
68301
19664
12288
84071
48304
49873
85181
36875
78875
56478
78472
83538
77439
79083
81021
43572
19518
36420
47125
41197
79469
46895
59552
43574
74162
81875
36962
46402
70382
40569
80962
76038
97095
27382
19356
69134
79174
23012
57556
88304
59273
98207
40572
59137
84693
59835
78486
38875
83140
76235
93446
78842
35422
46324
67063
93932
48673
31688
46614
13900
42644
64841
34072
66246
33765
74257
94968
73620
75399
25729
57977
41441
75349
76505
60943
81065
17742
25246
90682
47710
79258
20914
91784
85476
41609
81216
53212
58967
38736
89207
14713
37240
32721
87300
58711
93990
96239
76388
88954
14352
71453
94610
87689
51637
52213
34958
65953
28330
23299
93741
84176
77605
40341
42635
38706
65271
44334
27474
38132
93861
23962
50989
31190
77995
40836
78125
18409
15646
76613
46753
55943
85574
53980
22993
57761
51515
77323
66519
75662
47445
85734
14701
16385
94498
83250
96533
10402
65361
13194
82122
43221
17226
24843
64589
26816
97499
48246
80085
13063
42716
47665
25716
24404
25916
72402
64741
95436
12774
22747
89099
54348
83499
87707
41304
65098
10323
69153
63811
54451
84445
17259
67974
98342
13983
97668
98181
43903
96963
39026
47598
65607
80870
34480
60234
64796
67210
15668
55803
11477
67170
31193
93959
35673
95998
42964
87680
16281
23393
96610
52580
32516
12158
39260
15547
22365
74006
47475
46134
82555
46047
95736
53029
47823
13749
47114
70928
83234
71521
86881
17631
99236
45950
69084
13530
36250
58704
10958
45862
82322
25856
40504
96645
97894
21436
54644
93322
47782
47126
72090
60238
33168
74908
31314
42445
80415
10168
66166
11388
78140
47967
16044
61676
35236
50191
41425
65072
55400
80200
50050
21957
43268
52442
21557
24333
10124
92934
79557
60471
95390
30587
43198
45022
59406
11986
80939
27328
69362
28311
88422
20909
46912
28100
41236
61924
36937
89595
71922
13019
34249
85243
97392
33967
83433
44624
38371
88486
36818
80550
91171
53377
65596
45346
84062
10459
35541
70897
71215
45709
54404
13521
19506
81063
15664
37628
75272
50419
23337
28050
82409
95521
84445
73010
59570
16966
78672
19941
27876
25505
32563
69420
41728
39228
44077
93335
61105
57615
11627
30181
72018
11748
45677
86826
94931
92403
52264
40499
33448
41553
51600
25822
24560
10381
63084
69691
53186
41064
42770
56847
94229
69733
61724
93238
22109
82287
43113
46714
66656
67909
25301
42490
21168
91092
99916
20324
64497
19821
65010
75628
12136
33656
42043
99495
55456
34640
74004
62560
95555
97790
64333
75152
85725
48132
66494
18592
37890
88096
57677
60760
55200
18968
17382
77080
79960
74939
69596
27353
80296
60534
20654
42887
15740
11189
99839
40064
20540
43249
58097
11179
15169
51481
73288
94109
15304
16745
44820
72937
59565
24789
80142
44504
34147
73177
52577
35094
94666
77894
46910
52833
16860
98930
71370
35373
97722
43419
99467
50286
45110
98791
18368
66067
23720
35715
76108
51586
50650
48007
34964
51097
90761
69617
81500
62040
81522
58438
82501
93869
90079
78740
83956
59318
35645
89758
32147
83788
14554
91822
26477
36852
66200
28753
90286
84121
38516
33719
91490
86688
91583
85795
96219
69544
45342
11805
76924
40854
38944
98798
13929
89860
23419
48080
24693
65311
90501
99470
95896
29929
82719
48294
71371
86876
53586
16665
36114
29811
54616
59662
72004
84308
83376
12539
22437
63568
26058
23727
67188
48063
17165
70837
25792
40363
66144
15829
78912
44918
68356
50990
93358
97244
91519
56579
60324
25345
11034
48009
25726
97647
70429
31269
66744
73011
44614
83871
56352
59081
52097
32825
71242
47986
69920
51036
45475
90136
26327
15859
92643
30518
93344
24038
48027
63773
89237
72986
59856
25423
77981
80517
16732
99391
37299
39102
46129
28351
85924
48968
19801
68151
63368
28432
98543
15255
14284
56478
63027
93921
40775
92547
43628
64550
61715
17989
31690
85944
85146
32745
20601
92794
38167
62974
47324
70031
60275
67807
49647
59591
57566
10875
74281
62888
68060
66838
41905
42662
48047
84645
16860
76722
31426
73173
22260
89311
51201
80763
40023
93296
62825
30219
66156
45615
19024
30817
19263
52458
10682
87541
56430
62764
53003
79215
35227
79890
89813
14356
59716
42376
81357
88047
20660
24412
73582
91780
72385
66272
91073
82852
85616
73854
69082
79517
73040
74706
98751
59577
10394
16236
44279
44081
71915
30658
38312
98126
81416
15983
66506
35810
21582
85460
53284
54494
72280
61034
63660
93876
91022
75305
77331
14396
92983
22180
20080
12052
73302
51954
89351
38199
64561
23512
77161
96686
11507
43159
27854
71317
79358
92386
54398
10826
95418
91230
21015
20697
86237
66629
59916
74512
31735
15603
56089
54143
80925
66868
69495
22731
53322
71811
44983
51051
99931
72381
98627
16597
91502
76626
66713
44961
91158
65070
78400
42810
47609
14077
38310
77637
71681
53537
10670
34955
31115
90503
27118
68701
61146
28564
95474
97335
65060
75240
76838
98555
99890
90846
15261
54932
65292
77849
52205
79497
99134
12284
12933
51063
94476
48345
33420
34506
63740
53661
41269
50380
83912
93500
56464
31091
93671
96479
58206
76804
74872
95113
44889
87965
68144
26057
25739
35339
48589
34843
91180
27700
47466
82647
49701
99300
83863
97795
20739
93323
31751
16440
94068
26809
52693
21055
30151
53867
70032
65496
48944
46303
68200
82197
83054
35150
11986
73244
67874
30439
98354
14286
26531
19591
27516
86025
64847
29685
38832
53291
78953
51863
90423
39093
82544
51595
35093
57618
87671
79095
28684
27977
53880
81623
91312
15526
91763
37530
24610
32848
78741
12895
73502
20628
15660
66647
94523
72967
88204
77245
60875
60488
64699
78118
13407
86248
65350
17599
89696
70183
23735
22471
15415
19066
57046
10031
23282
44391
59103
34282
51473
76814
89699
12276
80679
81805
27026
97920
10899
12348
93499
40183
87004
82583
30854
65863
92407
56375
22139
30261
87077
54169
49482
17350
38389
90579
98035
91219
64480
93279
46075
42174
10613
43620
76314
75601
66661
72501
55639
64073
73612
80444
33808
61580
64793
47323
83510
83946
30684
81721
14506
90970
52790
24838
73970
94041
55571
98816
25505
21095
96481
14405
74961
94220
44657
77119
45654
87688
33352
47489
62043
82698
60322
60089
13974
75758
50951
92375
44745
65359
59341
29140
17252
70508
43395
28071
14934
40328
44368
82716
70664
55493
41806
75128
79159
69835
53529
35826
69381
64673
20907
25057
14414
54740
88700
67375
21425
89317
44380
91054
16611
80410
61133
11118
67453
57539
64369
74409
59853
29299
16812
18465
83591
34355
95289
43329
61214
48924
46621
22631
19957
57072
34451
67953
74460
73254
53902
12365
49037
17769
98766
44498
62081
69596
76992
75379
53287
71592
57098
58842
65150
47164
42638
81889
94615
61942
59875
23852
63397
31418
91235
80467
91112
84406
19667
26159
99095
75945
67456
16263
50241
30780
11196
55900
75373
44049
18150
66718
92067
62811
72319
17777
49809
77495
44833
74295
73933
26574
29204
21567
40420
20167
14540
79605
35738
81718
54115
24873
41214
66961
59697
14852
43396
99741
54098
90687
76132
73276
28329
46179
86750
78638
52290
68685
86514
51441
15761
25527
61113
82268
46217
39695
47479
53736
89242
12043
41306
57457
39014
18982
60995
89973
79797
19645
38819
45277
47682
81414
45158
47906
48097
59285
94281
39482
30837
22943
67596
99507
70440
37158
63755
17307
67564
71585
51065
62890
15772
74144
86089
91482
95635
19919
75377
50274
38214
13004
58515
26762
12397
55018
24523
65054
58573
90968
34468
99766
33549
89902
82101
17427
69741
60495
79605
55393
12221
65324
93205
41456
83982
30404
91645
13354
71810
91637
61362
46580
84521
51685
51140
37616
55177
31277
40426
78099
66169
82464
66119
54751
25941
32411
90741
39268
20813
12536
54677
74654
50404
35840
42085
95087
22214
42895
67752
99282
22475
80107
76132
27177
69635
82978
14734
83447
82943
84442
49296
69303
41127
68346
65815
25972
28720
30314
86672
40252
16037
56997
72196
94895
80255
67347
94087
51969
61159
42281
12349
36277
68419
25557
99192
32673
17864
